0.454461 0.515155
0.455011 0.513508
0.447591 0.517825
0.435726 0.520923
0.464084 0.526074
0.446093 0.524381
0.452896 0.529769
0.454237 0.530859
0.469047 0.526534
0.439620 0.545917
0.461080 0.536289
0.429230 0.546703
0.454118 0.545197
0.436836 0.527878
0.441789 0.545768
0.430267 0.514452
0.448741 0.518511
0.436189 0.541008
0.435906 0.527564
0.435180 0.533550
0.443329 0.530744
0.441818 0.518023
0.436804 0.533855
0.432485 0.541224
0.422427 0.527023
0.444363 0.521794
0.437290 0.511967
0.432851 0.515057
0.443106 0.527928
0.438074 0.527629
0.430468 0.515601
0.405184 0.518791
0.420160 0.518144
0.425268 0.513475
0.416583 0.506347
0.428161 0.495909
0.451064 0.510929
0.414600 0.495164
0.448951 0.519770
0.446687 0.503538
0.428652 0.492640
0.431106 0.504904
0.440459 0.502454
0.429798 0.520159
0.439912 0.499259
0.447743 0.489602
0.439010 0.496196
0.453824 0.485458
0.456195 0.498014
0.449828 0.509408
0.447553 0.490524
0.451825 0.520009
0.455254 0.517237
0.463173 0.507652
0.452398 0.516712
0.446758 0.521498
0.465630 0.506210
0.464592 0.513033
0.453382 0.523255
0.454290 0.517703
0.451774 0.514134
0.575648 0.514690
0.573640 0.512995
0.573544 0.531428
0.584782 0.507739
0.578688 0.550700
0.581786 0.549372
0.587784 0.551599
0.569068 0.571990
0.571263 0.561069
0.568827 0.580861
0.554358 0.563809
0.543766 0.568128
0.547353 0.562659
0.555560 0.593942
0.554405 0.607136
0.551363 0.601585
0.541872 0.605598
0.551022 0.603627
0.548370 0.608677
0.517289 0.647703
0.544456 0.615274
0.516274 0.636196
0.506941 0.643780
0.502486 0.636223
0.511367 0.645110
0.511032 0.631417
0.494899 0.658846
0.475381 0.644764
0.482173 0.650190
0.477902 0.650418
0.471682 0.646609
0.460755 0.620748
0.461829 0.641923
0.446298 0.644701
0.442709 0.667367
0.433222 0.654307
0.446512 0.666239
0.429927 0.655318
0.420388 0.651373
0.424066 0.651387
0.423918 0.644282
0.405101 0.641504
0.400688 0.637617
0.393150 0.645300
0.402863 0.641121
0.390500 0.625550
0.360468 0.624136
0.373610 0.613546
0.378875 0.615722
0.361188 0.619065
0.368112 0.627318
0.346414 0.620990
0.337913 0.614736
0.356253 0.609407
0.352032 0.591858
0.337528 0.605428
0.336005 0.584360
0.338530 0.588436
0.314834 0.594071
0.318751 0.584340
0.323410 0.581643
0.301122 0.566421
0.326388 0.554847
0.325935 0.553715
0.307441 0.547172
0.323872 0.532340
0.304292 0.552150
0.332425 0.524875
0.306531 0.519939
0.322567 0.539704
0.316773 0.530379
0.308944 0.502165
0.307797 0.500226
0.308521 0.497176
0.309983 0.495290
0.296756 0.462987
0.323086 0.449785
0.330663 0.464271
0.319470 0.475685
0.334846 0.459345
0.337480 0.463028
0.329888 0.462757
0.335021 0.448985
0.344141 0.433571
0.343044 0.430180
0.343101 0.442467
0.350673 0.413371
0.353145 0.420496
0.348654 0.426774
0.362634 0.415445
0.360914 0.400814
0.373410 0.404906
0.386181 0.394815
0.378879 0.399106
0.409294 0.410410
0.386602 0.419790
0.392764 0.397753
0.407566 0.425094
0.394240 0.415073
0.427681 0.403999
0.442182 0.385148
0.420834 0.396546
0.423071 0.401657
0.456506 0.396869
0.446645 0.390828
0.452392 0.396542
0.457022 0.377330
0.468877 0.394074
0.482158 0.385145
0.487831 0.397935
0.475124 0.406936
0.472020 0.389750
0.488441 0.389093
0.494428 0.397192
0.492941 0.410976
0.505276 0.407990
0.520688 0.420408
0.512514 0.405815
0.521653 0.413522
0.537483 0.408696
0.544546 0.417116
0.531511 0.422171
0.561279 0.443078
0.537847 0.445144
0.553449 0.439904
0.560960 0.448026
0.548795 0.456426
0.564118 0.447708
0.560392 0.455952
0.554598 0.476576
0.553346 0.466388
0.572871 0.480464
0.591815 0.480560
0.559416 0.492001
0.579176 0.486895
0.567234 0.506765
0.577333 0.517098
0.597806 0.507231
0.595084 0.511981
0.781783 0.513797
0.778527 0.520436
0.787316 0.579182
0.788334 0.578229
0.769613 0.589511
0.744972 0.612855
0.761510 0.643388
0.751426 0.670170
0.729683 0.677012
0.705828 0.712270
0.711177 0.720163
0.690452 0.745585
0.690838 0.745950
0.658662 0.778184
0.644421 0.761186
0.620697 0.789471
0.604903 0.806871
0.607589 0.807852
0.573249 0.807454
0.559764 0.825077
0.553643 0.827983
0.526902 0.842579
0.505136 0.863037
0.457245 0.848987
0.468526 0.859615
0.423592 0.860406
0.414621 0.842597
0.399864 0.844065
0.357126 0.846430
0.349073 0.826732
0.307119 0.833014
0.302309 0.821752
0.283467 0.814460
0.282066 0.797965
0.248060 0.782826
0.225961 0.771685
0.214234 0.752620
0.187026 0.754567
0.179971 0.752151
0.181360 0.723781
0.148958 0.703244
0.149824 0.675323
0.139270 0.645864
0.140629 0.625859
0.119432 0.617278
0.135178 0.595844
0.121715 0.570026
0.103816 0.550705
0.125013 0.533840
0.096776 0.517749
0.119751 0.484844
0.110908 0.470258
0.122647 0.477722
0.119157 0.448339
0.129460 0.413594
0.124270 0.384390
0.148122 0.359079
0.169216 0.368783
0.150553 0.324650
0.182741 0.305236
0.195519 0.301202
0.194872 0.277824
0.211607 0.265327
0.234863 0.263881
0.261309 0.239653
0.263044 0.230449
0.298383 0.222542
0.296665 0.208675
0.335615 0.206091
0.355650 0.193933
0.355120 0.169763
0.396381 0.190662
0.391405 0.179040
0.420879 0.170546
0.450951 0.189513
0.472296 0.201868
0.493429 0.182042
0.502600 0.163206
0.531135 0.198568
0.554605 0.192984
0.601716 0.205646
0.582791 0.234327
0.598676 0.223323
0.625207 0.246504
0.633504 0.267431
0.662651 0.267505
0.675004 0.276351
0.696801 0.306083
0.700178 0.300235
0.735599 0.357267
0.719734 0.364577
0.748657 0.345629
0.744456 0.393119
0.743894 0.408710
0.753634 0.418115
0.775511 0.459041
0.765766 0.488064
0.787452 0.500661
0.776060 0.525047
