0.454461 0.515155 1
0.455011 0.513508 1
0.447591 0.517825 1
0.435726 0.520923 1
0.464084 0.526074 1
0.446093 0.524381 1
0.452896 0.529769 1
0.454237 0.530859 1
0.469047 0.526534 1
0.43962 0.545917 1
0.46108 0.536289 1
0.42923 0.546703 1
0.454118 0.545197 1
0.436836 0.527878 1
0.441789 0.545768 1
0.430267 0.514452 1
0.448741 0.518511 1
0.436189 0.541008 1
0.435906 0.527564 1
0.43518 0.53355 1
0.443329 0.530744 1
0.441818 0.518023 1
0.436804 0.533855 1
0.432485 0.541224 1
0.422427 0.527023 1
0.444363 0.521794 1
0.43729 0.511967 1
0.432851 0.515057 1
0.443106 0.527928 1
0.438074 0.527629 1
0.430468 0.515601 1
0.405184 0.518791 1
0.42016 0.518144 1
0.425268 0.513475 1
0.416583 0.506347 1
0.428161 0.495909 1
0.451064 0.510929 1
0.4146 0.495164 1
0.448951 0.51977 1
0.446687 0.503538 1
0.428652 0.49264 1
0.431106 0.504904 1
0.440459 0.502454 1
0.429798 0.520159 1
0.439912 0.499259 1
0.447743 0.489602 1
0.43901 0.496196 1
0.453824 0.485458 1
0.456195 0.498014 1
0.449828 0.509408 1
0.447553 0.490524 1
0.451825 0.520009 1
0.455254 0.517237 1
0.463173 0.507652 1
0.452398 0.516712 1
0.446758 0.521498 1
0.46563 0.50621 1
0.464592 0.513033 1
0.453382 0.523255 1
0.45429 0.517703 1
0.451774 0.514134 1
0.575648 0.51469 2
0.57364 0.512995 2
0.573544 0.531428 2
0.584782 0.507739 2
0.578688 0.5507 2
0.581786 0.549372 2
0.587784 0.551599 2
0.569068 0.57199 2
0.571263 0.561069 2
0.568827 0.580861 2
0.554358 0.563809 2
0.543766 0.568128 2
0.547353 0.562659 2
0.55556 0.593942 2
0.554405 0.607136 2
0.551363 0.601585 2
0.541872 0.605598 2
0.551022 0.603627 2
0.54837 0.608677 2
0.517289 0.647703 2
0.544456 0.615274 2
0.516274 0.636196 2
0.506941 0.64378 2
0.502486 0.636223 2
0.511367 0.64511 2
0.511032 0.631417 2
0.494899 0.658846 2
0.475381 0.644764 2
0.482173 0.65019 2
0.477902 0.650418 2
0.471682 0.646609 2
0.460755 0.620748 2
0.461829 0.641923 2
0.446298 0.644701 2
0.442709 0.667367 2
0.433222 0.654307 2
0.446512 0.666239 2
0.429927 0.655318 2
0.420388 0.651373 2
0.424066 0.651387 2
0.423918 0.644282 2
0.405101 0.641504 2
0.400688 0.637617 2
0.39315 0.6453 2
0.402863 0.641121 2
0.3905 0.62555 2
0.360468 0.624136 2
0.37361 0.613546 2
0.378875 0.615722 2
0.361188 0.619065 2
0.368112 0.627318 2
0.346414 0.62099 2
0.337913 0.614736 2
0.356253 0.609407 2
0.352032 0.591858 2
0.337528 0.605428 2
0.336005 0.58436 2
0.33853 0.588436 2
0.314834 0.594071 2
0.318751 0.58434 2
0.32341 0.581643 2
0.301122 0.566421 2
0.326388 0.554847 2
0.325935 0.553715 2
0.307441 0.547172 2
0.323872 0.53234 2
0.304292 0.55215 2
0.332425 0.524875 2
0.306531 0.519939 2
0.322567 0.539704 2
0.316773 0.530379 2
0.308944 0.502165 2
0.307797 0.500226 2
0.308521 0.497176 2
0.309983 0.49529 2
0.296756 0.462987 2
0.323086 0.449785 2
0.330663 0.464271 2
0.31947 0.475685 2
0.334846 0.459345 2
0.33748 0.463028 2
0.329888 0.462757 2
0.335021 0.448985 2
0.344141 0.433571 2
0.343044 0.43018 2
0.343101 0.442467 2
0.350673 0.413371 2
0.353145 0.420496 2
0.348654 0.426774 2
0.362634 0.415445 2
0.360914 0.400814 2
0.37341 0.404906 2
0.386181 0.394815 2
0.378879 0.399106 2
0.409294 0.41041 2
0.386602 0.41979 2
0.392764 0.397753 2
0.407566 0.425094 2
0.39424 0.415073 2
0.427681 0.403999 2
0.442182 0.385148 2
0.420834 0.396546 2
0.423071 0.401657 2
0.456506 0.396869 2
0.446645 0.390828 2
0.452392 0.396542 2
0.457022 0.37733 2
0.468877 0.394074 2
0.482158 0.385145 2
0.487831 0.397935 2
0.475124 0.406936 2
0.47202 0.38975 2
0.488441 0.389093 2
0.494428 0.397192 2
0.492941 0.410976 2
0.505276 0.40799 2
0.520688 0.420408 2
0.512514 0.405815 2
0.521653 0.413522 2
0.537483 0.408696 2
0.544546 0.417116 2
0.531511 0.422171 2
0.561279 0.443078 2
0.537847 0.445144 2
0.553449 0.439904 2
0.56096 0.448026 2
0.548795 0.456426 2
0.564118 0.447708 2
0.560392 0.455952 2
0.554598 0.476576 2
0.553346 0.466388 2
0.572871 0.480464 2
0.591815 0.48056 2
0.559416 0.492001 2
0.579176 0.486895 2
0.567234 0.506765 2
0.577333 0.517098 2
0.597806 0.507231 2
0.595084 0.511981 2
0.781783 0.513797 3
0.778527 0.520436 3
0.787316 0.579182 3
0.788334 0.578229 3
0.769613 0.589511 3
0.744972 0.612855 3
0.76151 0.643388 3
0.751426 0.67017 3
0.729683 0.677012 3
0.705828 0.71227 3
0.711177 0.720163 3
0.690452 0.745585 3
0.690838 0.74595 3
0.658662 0.778184 3
0.644421 0.761186 3
0.620697 0.789471 3
0.604903 0.806871 3
0.607589 0.807852 3
0.573249 0.807454 3
0.559764 0.825077 3
0.553643 0.827983 3
0.526902 0.842579 3
0.505136 0.863037 3
0.457245 0.848987 3
0.468526 0.859615 3
0.423592 0.860406 3
0.414621 0.842597 3
0.399864 0.844065 3
0.357126 0.84643 3
0.349073 0.826732 3
0.307119 0.833014 3
0.302309 0.821752 3
0.283467 0.81446 3
0.282066 0.797965 3
0.24806 0.782826 3
0.225961 0.771685 3
0.214234 0.75262 3
0.187026 0.754567 3
0.179971 0.752151 3
0.18136 0.723781 3
0.148958 0.703244 3
0.149824 0.675323 3
0.13927 0.645864 3
0.140629 0.625859 3
0.119432 0.617278 3
0.135178 0.595844 3
0.121715 0.570026 3
0.103816 0.550705 3
0.125013 0.53384 3
0.096776 0.517749 3
0.119751 0.484844 3
0.110908 0.470258 3
0.122647 0.477722 3
0.119157 0.448339 3
0.12946 0.413594 3
0.12427 0.38439 3
0.148122 0.359079 3
0.169216 0.368783 3
0.150553 0.32465 3
0.182741 0.305236 3
0.195519 0.301202 3
0.194872 0.277824 3
0.211607 0.265327 3
0.234863 0.263881 3
0.261309 0.239653 3
0.263044 0.230449 3
0.298383 0.222542 3
0.296665 0.208675 3
0.335615 0.206091 3
0.35565 0.193933 3
0.35512 0.169763 3
0.396381 0.190662 3
0.391405 0.17904 3
0.420879 0.170546 3
0.450951 0.189513 3
0.472296 0.201868 3
0.493429 0.182042 3
0.5026 0.163206 3
0.531135 0.198568 3
0.554605 0.192984 3
0.601716 0.205646 3
0.582791 0.234327 3
0.598676 0.223323 3
0.625207 0.246504 3
0.633504 0.267431 3
0.662651 0.267505 3
0.675004 0.276351 3
0.696801 0.306083 3
0.700178 0.300235 3
0.735599 0.357267 3
0.719734 0.364577 3
0.748657 0.345629 3
0.744456 0.393119 3
0.743894 0.40871 3
0.753634 0.418115 3
0.775511 0.459041 3
0.765766 0.488064 3
0.787452 0.500661 3
0.77606 0.525047 3
