0.362345  0.761183
1.084640  0.771113
0.414354  0.567978
0.628829  0.642666
0.246932  -0.106471
0.160063  0.305461
0.078559  -0.173278
0.002921  1.056379
0.103798  0.441407
1.039537  0.999213
0.045987  0.105035
1.041260  1.077912
0.565879  0.089453
0.634746  0.588519
0.009900  1.141111
0.497653  1.013422
-0.032782  0.447618
0.351058  0.871666
0.731415  -0.016137
0.396896  0.727121
0.724062  0.697891
0.551887  1.153029
0.194085  -0.170458
-0.266298  0.201925
-0.264776  0.273143
0.000974  0.592008
0.266745  -0.169269
0.395897  0.832443
0.635425  0.233950
0.706729  0.115156
-0.266115  0.047039
0.976736  0.757717
0.977548  0.992156
-0.002630  0.722508
0.044099  0.009411
1.137699  -0.098506
0.143927  0.545744
1.036978  0.415429
0.159360  0.490105
0.273203  1.196243
0.887062  0.344192
1.035749  0.610294
-0.071884  0.654596
1.054055  0.249726
0.073138  0.556742
0.992860  0.609391
0.467115  0.194348
0.815174  0.091848
0.887885  0.601703
1.126262  0.420793
0.158259  1.197285
0.400326  0.446536
0.545369  0.873874
0.184876  0.611144
0.863397  0.631625
-0.215760  0.848656
0.398361  0.798151
0.779609  0.983839
0.949851  0.578679
-0.112030  0.811032
0.661020  -0.055611
0.462234  -0.097266
0.653789  1.103242
-0.224573  1.180135
0.882838  0.630691
0.832700  0.130306
0.199659  0.089023
-0.186077  0.659027
0.543623  -0.161170
0.330711  0.578054
-0.043359  0.279577
0.796687  0.953620
-0.226959  0.361771
0.947701  1.021875
0.096901  0.908194
0.008335  0.848561
-0.128132  0.169335
0.154352  0.419932
0.861353  0.998537
0.287294  0.915993
0.313464  0.363707
0.909470  -0.113530
-0.146547  0.420117
1.014646  -0.079952
0.113619  1.217626
0.853959  0.773840
-0.090499  -0.047823
0.682541  0.580406
0.986144  0.248641
0.506501  1.225559
0.873590  0.856867
1.028902  0.778934
0.090699  0.058480
0.166738  1.223766
-0.254590  1.141538
1.042873  -0.021524
-0.216458  0.884234
0.763784  1.215840
0.431025  0.302903
0.407534  0.336541
0.674356  1.105550
0.111888  0.895510
0.904561  -0.022809
0.101602  0.366632
0.754165  0.646365
0.951529  0.126651
0.859906  0.167045
0.821826  1.216909
0.274755  0.924584
1.094755  0.045377
0.977417  0.000712
1.028877  0.757382
-0.233785  1.209186
-0.131916  1.090587
-0.239919  0.407094
0.764259  0.138018
0.370248  0.350528
1.125213  0.050271
0.013164  0.299841
0.062783  0.366737
0.663461  -0.127179
1.050614  0.372009
0.813244  0.106887
0.685131  0.937075
0.300960  0.030477
0.477951  1.060496
0.705773  0.566954
0.740192  0.519040
-0.117062  0.323809
0.130764  0.036153
0.715493  0.929161
-0.100280  0.462733
-0.058206  1.211465
0.486756  0.878227
0.343197  0.781994
1.138424  0.868700
0.606321  0.370565
0.642914  0.434254
0.625858  0.381981
0.688192  0.446651
0.648150  0.448855
0.667013  0.367963
0.682846  0.448775
0.627662  0.406493
0.666250  0.410996
0.661477  0.405401
0.623830  0.408844
0.665277  0.443163
0.684781  0.372843
0.616189  0.431262
0.689785  0.417176
0.658071  0.425967
0.694946  0.375490
0.615939  0.418237
0.643017  0.365722
0.688997  0.366594
0.683868  0.373480
0.672900  0.404745
0.670333  0.405047
0.687042  0.446188
0.656257  0.372305
0.655299  0.444398
0.661488  0.453764
0.670105  0.421702
0.664233  0.383312
0.697638  0.393319
0.655871  0.393178
0.650697  0.375456
0.668829  0.367665
0.673944  0.389589
0.660749  0.450352
0.612729  0.433437
0.621412  0.440795
0.649842  0.456830
0.643514  0.365723
0.679486  0.402914
0.634798  0.437884
0.626054  0.445329
0.612341  0.433218
0.648090  0.429525
0.690604  0.387014
0.647128  0.409577
0.684257  0.430292
0.658487  0.450580
0.687162  0.392682
0.699157  0.378306
0.662903  0.373330
0.614744  0.399912
0.672615  0.449744
0.647565  0.411473
0.652152  0.388077
0.674929  0.457174
0.680350  0.453295
0.678968  0.363246
0.639678  0.411812
0.684953  0.415721
0.688266  0.436982
0.622844  0.388335
0.647188  0.373302
0.659335  0.430876
0.643022  0.365510
0.657141  0.441387
0.658127  0.452913
0.649138  0.401583
0.664658  0.376974
0.680062  0.386042
0.604435  0.444065
0.645433  0.423217
0.635823  0.396172
0.650739  0.406850
0.670905  0.377406
0.636081  0.375883
0.687964  0.414429
0.640725  0.442066
0.651776  0.414863
0.679167  0.446266
0.620624  0.398635
0.618899  0.431747
0.627141  0.442610
0.656995  0.456023
0.650568  0.398898
0.610115  0.410831
0.658075  0.402628
0.697641  0.395457
0.648271  0.435233
0.672256  0.432718
0.697069  0.369533
0.611406  0.436665
0.632009  0.440189
0.651180  0.440640
0.661283  0.430414
0.610456  0.416969
0.678703  0.383716
0.608179  0.414380
0.691804  0.454359
0.637996  0.447932
0.607022  0.372386
0.696147  0.402504
0.628991  0.441162
0.642669  0.431205
0.682950  0.365801
0.676023  0.386334
0.644872  0.448465
0.695518  0.376728
0.638844  0.405531
0.677597  0.438153
0.664831  0.367197
0.666843  0.414274
0.692523  0.392486
0.604349  0.446473
0.655763  0.431811
0.674216  0.405543
0.211068  0.729837
0.158292  0.733648
0.181326  0.748628
0.203607  0.709854
0.215415  0.764818
0.177736  0.743355
0.183270  0.705919
0.189012  0.745071
0.216568  0.776651
0.175001  0.731978
0.211604  0.747619
0.169939  0.751449
0.173957  0.775469
0.161699  0.752329
0.184941  0.706274
0.226845  0.722513
0.192858  0.772784
0.176455  0.769765
0.185423  0.705312
0.223162  0.708532
0.227885  0.718584
0.165634  0.772068
0.233288  0.780400
0.207646  0.749849
0.190802  0.710772
0.224112  0.763960
0.162778  0.728017
0.159465  0.751699
0.181820  0.739878
0.160120  0.740297
0.211621  0.758644
0.178820  0.732299
0.168156  0.738800
0.227994  0.742909
0.219138  0.711036
0.180504  0.713096
0.172674  0.765540
0.157311  0.761690
0.227391  0.768348
0.226360  0.720377
0.188854  0.731376
0.204482  0.729000
0.166925  0.742950
0.198886  0.777838
0.223568  0.738993
0.188250  0.762125
0.197973  0.708086
0.215876  0.765883
0.159032  0.764520
0.164266  0.719744
0.158567  0.753103
0.216802  0.712240
0.225405  0.737538
0.183085  0.778176
0.162743  0.750623
0.180601  0.742755
0.227514  0.704549
0.225896  0.780083
0.186812  0.761081
0.211604  0.770277
0.188961  0.753536
0.220664  0.709713
0.211976  0.753186
0.182919  0.737250
0.198968  0.750698
0.219323  0.727952
0.190040  0.760392
0.231679  0.716098
0.172382  0.753552
0.197184  0.733773
0.184645  0.761450
0.223303  0.725653
0.164804  0.756832
0.159459  0.706166
0.196015  0.765491
0.180278  0.770209
0.201345  0.736162
0.223330  0.767676
0.213068  0.777858
0.175201  0.745110
0.225656  0.757608
0.179329  0.733034
0.174837  0.738115
0.223661  0.724107
0.177573  0.754327
0.232892  0.739645
0.182028  0.755641
0.202336  0.780401
0.160058  0.739095
0.208775  0.705232
0.184167  0.715327
0.194408  0.717660
0.171007  0.728105
0.164336  0.750359
0.171243  0.714252
0.217496  0.753874
0.200789  0.757406
0.194219  0.781032
0.226001  0.767846
0.228370  0.762081
0.157782  0.732400
0.232493  0.735608
0.226383  0.757311
0.224617  0.758638
0.198948  0.764300
0.184610  0.711634
0.162182  0.729792
0.207820  0.751329
0.178898  0.721023
0.164743  0.738184
0.215209  0.735113
0.620617  0.762283
0.709726  0.836932
0.647267  0.819545
0.669945  0.794798
0.644583  0.826050
0.685516  0.829668
0.673287  0.829236
0.656031  0.759446
0.666314  0.837712
0.674475  0.777434
0.641347  0.806321
0.710902  0.835123
0.648003  0.828736
0.641168  0.796326
0.686044  0.832225
0.671022  0.824663
0.636161  0.804770
0.653991  0.767528
0.646955  0.765617
0.654523  0.776487
0.669268  0.748514
0.664438  0.799717
0.698429  0.823925
0.685851  0.743772
0.639056  0.747570
0.683672  0.837175
0.667516  0.755197
0.680004  0.835227
0.645749  0.794215
0.706659  0.777515
0.658586  0.784239
0.620649  0.781398
0.695574  0.752827
0.668650  0.826350
0.647886  0.822325
0.694459  0.766536
0.703283  0.792001
0.689289  0.763838
0.672689  0.768962
0.671994  0.836350
0.642418  0.831799
0.664238  0.821442
0.645025  0.786323
0.671108  0.829772
0.654665  0.814906
0.667506  0.808257
0.689185  0.773911
0.678126  0.761584
0.642211  0.746060
0.703340  0.786062
0.688972  0.785888
0.656592  0.820479
0.658406  0.819282
0.713460  0.786587
0.707234  0.784408
0.656330  0.765285
0.663649  0.790190
0.693370  0.789044
0.677609  0.794688
0.625038  0.749220
0.695514  0.781933
0.657183  0.800215
0.631786  0.765606
0.677734  0.783643
0.712177  0.812262
0.663995  0.752875
0.676014  0.774136
0.663546  0.776932
0.638998  0.834568
0.646225  0.744304
0.632996  0.756551
0.678137  0.771209
0.666046  0.827944
0.651512  0.790579
0.636561  0.822671
0.707460  0.788746
0.699017  0.762675
0.688256  0.793969
0.690542  0.798435
0.675614  0.834048
0.637438  0.756770
0.699629  0.833408
0.689203  0.754375
0.627428  0.745993
0.669658  0.780894
0.661310  0.797873
0.640309  0.817772
0.683334  0.747663
0.651068  0.767701
0.689832  0.825507
0.673738  0.756669
0.661812  0.825303
0.675210  0.765756
0.694394  0.748120
0.673177  0.815420
0.714064  0.787961
0.640779  0.775619
0.633009  0.785907
0.706431  0.793470
0.710879  0.784097
0.623310  0.815986
0.654907  0.812793
0.648273  0.804927
0.660338  0.791213
0.691833  0.789028
0.642234  0.796808
0.680091  0.745155
0.672933  0.750001
0.659998  0.798837
0.667258  0.772226
0.649381  0.792041
0.699215  0.815192
0.682798  0.786317
0.650354  0.829308
0.648791  0.813567
0.620928  0.788141
0.644309  0.815997
0.653936  0.781531
0.649638  0.747799
0.671064  0.827313
0.712809  0.810489
0.676629  0.817493
0.684818  0.758421
0.677576  0.771384
0.650240  0.752586
0.685366  0.778550
0.703347  0.770568
0.690133  0.779099
0.677342  0.765103
0.629717  0.824576
0.705134  0.773905
0.623019  0.824723
0.645588  0.768580
0.648384  0.803697
0.711610  0.746790
0.654354  0.801702
0.695049  0.790840
0.633149  0.805678
0.706828  0.822935
0.664383  0.746563
0.699513  0.780107
0.683110  0.814765
0.685705  0.816623
0.670669  0.798885
0.713892  0.823243
0.620459  0.831547
0.669776  0.749966
0.682958  0.795049
0.623543  0.757892
0.680375  0.791175
0.225035  0.210064
0.297685  0.226293
0.219694  0.220386
0.284087  0.166200
0.281350  0.168522
0.299655  0.197531
0.258509  0.219059
0.232872  0.169787
0.255769  0.153532
0.256900  0.231633
0.302730  0.178638
0.269824  0.199641
0.280155  0.179232
0.227095  0.177031
0.258121  0.172583
0.295484  0.220394
0.238300  0.182350
0.246209  0.153318
0.254123  0.242930
0.244298  0.209571
0.264915  0.210233
0.249157  0.241303
0.220113  0.198796
0.254262  0.167556
0.213642  0.222578
0.212358  0.211960
0.284107  0.241830
0.285557  0.162847
0.254727  0.231818
0.235216  0.188339
0.287647  0.190995
0.286158  0.182476
0.214889  0.184290
0.218645  0.240246
0.263016  0.171841
0.259805  0.174393
0.265004  0.155322
0.249095  0.200232
0.236548  0.167259
0.231288  0.244149
0.255447  0.195968
0.304558  0.159604
0.304026  0.242314
0.246140  0.153741
0.303475  0.180186
0.280627  0.198931
0.271297  0.240500
0.244927  0.181437
0.248566  0.176785
0.238508  0.174125
0.265816  0.230517
0.227974  0.163150
0.250079  0.187152
0.213171  0.185346
0.216089  0.218278
0.297291  0.166480
0.292548  0.174053
0.297054  0.228707
0.303279  0.158471
0.246021  0.210216
0.233293  0.177899
0.246004  0.155100
0.301468  0.233649
0.241683  0.158638
0.259334  0.227471
0.297772  0.179482
0.261942  0.224748
0.273068  0.224095
0.272145  0.163875
0.215608  0.182852
0.283325  0.155387
0.261993  0.182902
0.304422  0.173995
0.269961  0.235173
0.270669  0.177831
0.222894  0.215947
0.278441  0.223140
0.261008  0.191440
0.283426  0.231524
0.242600  0.245368
0.295192  0.220320
0.297948  0.204320
0.280775  0.201093
0.298551  0.199561
0.288458  0.166600
0.212993  0.180578
0.235686  0.241118
0.288463  0.175201
0.222343  0.229251
0.213482  0.227582
0.245035  0.228262
0.239075  0.227651
0.214675  0.174493
0.219626  0.216269
0.231555  0.205049
0.225481  0.173460
0.288277  0.237024
0.255285  0.191467
0.276187  0.170797
0.239215  0.153307
0.232795  0.212576
0.239892  0.156404
0.232675  0.161227
0.289434  0.177646
0.225325  0.230486
0.245849  0.160949
0.288534  0.164136
0.246988  0.235360
0.268201  0.156184
