1.333329 0.609044
1.336927 0.607161
1.331997 0.602865
1.352869 0.590259
1.318551 0.583706
1.333241 0.585688
1.343258 0.569568
1.338635 0.545928
1.332226 0.558357
1.348461 0.548370
1.319905 0.531462
1.322859 0.545921
1.317636 0.534988
1.321561 0.522323
1.323095 0.522324
1.323411 0.518627
1.307754 0.512100
1.297728 0.481652
1.309543 0.501188
1.287640 0.486461
1.301076 0.471637
1.273351 0.469102
1.299617 0.469833
1.284067 0.478314
1.278814 0.464942
1.268958 0.463581
1.255816 0.444028
1.261146 0.432738
1.266121 0.423279
1.254875 0.411043
1.247056 0.429804
1.254230 0.415002
1.241547 0.398038
1.225888 0.411999
1.228396 0.398168
1.223520 0.392415
1.220885 0.405991
1.205265 0.390832
1.192750 0.384017
1.202923 0.384676
1.183440 0.380311
1.202944 0.358708
1.177852 0.390667
1.168268 0.360320
1.163720 0.378380
1.164557 0.383601
1.148587 0.368356
1.159208 0.367490
1.145239 0.352011
1.123087 0.356123
1.119910 0.353320
1.118557 0.338134
1.103607 0.363039
1.078205 0.363398
1.092314 0.355118
1.114234 0.368610
1.074961 0.358748
1.079277 0.355991
1.064051 0.349285
1.084655 0.348572
1.041996 0.347073
1.053986 0.346649
1.036554 0.350257
1.012801 0.349446
1.017483 0.352079
1.004807 0.356204
1.017343 0.351443
1.012948 0.348333
1.011435 0.354580
0.973503 0.369254
0.962933 0.364337
0.997247 0.375716
0.971427 0.384099
0.947547 0.381886
0.966881 0.382142
0.941694 0.391832
0.949100 0.392299
0.945915 0.376676
0.912675 0.380398
0.917612 0.402082
0.906702 0.402440
0.903566 0.407446
0.922004 0.406935
0.885214 0.418175
0.902020 0.422363
0.869158 0.430098
0.880456 0.442224
0.887553 0.455254
0.872864 0.424755
0.869765 0.425265
0.874291 0.472440
0.858459 0.455221
0.862472 0.456594
0.858851 0.465517
0.850165 0.473246
0.821881 0.477472
0.829514 0.492938
0.837292 0.484406
0.833605 0.500684
0.836101 0.497162
0.825368 0.497480
0.848522 0.517750
0.805174 0.531940
0.818234 0.524872
0.822850 0.539671
0.818436 0.555581
0.794065 0.545686
0.824572 0.559617
0.796741 0.550639
0.806006 0.568688
0.818706 0.585996
0.789576 0.590924
0.809407 0.594093
0.791788 0.584049
0.801629 0.605252
0.810748 0.616899
0.516671 0.490956
0.513073 0.492839
0.518003 0.497135
0.497131 0.509741
0.531449 0.516294
0.516759 0.514312
0.506742 0.530432
0.511365 0.554072
0.517774 0.541643
0.501539 0.551630
0.530095 0.568538
0.527141 0.554079
0.532364 0.565012
0.528439 0.577677
0.526905 0.577676
0.526589 0.581373
0.542246 0.587900
0.552272 0.618348
0.540457 0.598812
0.562360 0.613539
0.548924 0.628363
0.576649 0.630898
0.550383 0.630167
0.565933 0.621686
0.571186 0.635058
0.581042 0.636419
0.594184 0.655972
0.588854 0.667262
0.583879 0.676721
0.595125 0.688957
0.602944 0.670196
0.595770 0.684998
0.608453 0.701962
0.624112 0.688001
0.621604 0.701832
0.626480 0.707585
0.629115 0.694009
0.644735 0.709168
0.657250 0.715983
0.647077 0.715324
0.666560 0.719689
0.647056 0.741292
0.672148 0.709333
0.681732 0.739680
0.686280 0.721620
0.685443 0.716399
0.701413 0.731644
0.690792 0.732510
0.704761 0.747989
0.726913 0.743877
0.730090 0.746680
0.731443 0.761866
0.746393 0.736961
0.771795 0.736602
0.757686 0.744882
0.735766 0.731390
0.775039 0.741252
0.770723 0.744009
0.785949 0.750715
0.765345 0.751428
0.808004 0.752927
0.796014 0.753351
0.813446 0.749743
0.837199 0.750554
0.832517 0.747921
0.845193 0.743796
0.832657 0.748557
0.837052 0.751667
0.838565 0.745420
0.876497 0.730746
0.887067 0.735663
0.852753 0.724284
0.878573 0.715901
0.902453 0.718114
0.883119 0.717858
0.908306 0.708168
0.900900 0.707701
0.904085 0.723324
0.937325 0.719602
0.932388 0.697918
0.943298 0.697560
0.946434 0.692554
0.927996 0.693065
0.964786 0.681825
0.947980 0.677637
0.980842 0.669902
0.969544 0.657776
0.962447 0.644746
0.977136 0.675245
0.980235 0.674735
0.975709 0.627560
0.991541 0.644779
0.987528 0.643406
0.991149 0.634483
0.999835 0.626754
1.028119 0.622528
1.020486 0.607062
1.012708 0.615594
1.016395 0.599316
1.013899 0.602838
1.024632 0.602520
1.001478 0.582250
1.044826 0.568060
1.031766 0.575128
1.027150 0.560329
1.031564 0.544419
1.055935 0.554314
1.025428 0.540383
1.053259 0.549361
1.043994 0.531312
1.031294 0.514004
1.060424 0.509076
1.040593 0.505907
1.058212 0.515951
1.048371 0.494748
1.039252 0.483101
