0.362345 0.761183 0
1.08464 0.771113 0
0.414354 0.567978 0
0.628829 0.642666 0
0.246932 -0.106471 0
0.160063 0.305461 0
0.078559 -0.173278 0
0.002921 1.05638 0
0.103798 0.441407 0
1.03954 0.999213 0
0.045987 0.105035 0
1.04126 1.07791 0
0.565879 0.089453 0
0.634746 0.588519 0
0.0099 1.14111 0
0.497653 1.01342 0
-0.032782 0.447618 0
0.351058 0.871666 0
0.731415 -0.016137 0
0.396896 0.727121 0
0.724062 0.697891 1
0.551887 1.15303 0
0.194085 -0.170458 0
-0.266298 0.201925 0
-0.264776 0.273143 0
0.000974 0.592008 0
0.266745 -0.169269 0
0.395897 0.832443 0
0.635425 0.23395 0
0.706729 0.115156 2
-0.266115 0.047039 0
0.976736 0.757717 0
0.977548 0.992156 0
-0.00263 0.722508 0
0.044099 0.009411 0
1.1377 -0.098506 0
0.143927 0.545744 0
1.03698 0.415429 0
0.15936 0.490105 0
0.273203 1.19624 0
0.887062 0.344192 0
1.03575 0.610294 0
-0.071884 0.654596 0
1.05406 0.249726 0
0.073138 0.556742 0
0.99286 0.609391 0
0.467115 0.194348 0
0.815174 0.091848 2
0.887885 0.601703 0
1.12626 0.420793 0
0.158259 1.19728 0
0.400326 0.446536 0
0.545369 0.873874 0
0.184876 0.611144 0
0.863397 0.631625 0
-0.21576 0.848656 0
0.398361 0.798151 0
0.779609 0.983839 0
0.949851 0.578679 0
-0.11203 0.811032 0
0.66102 -0.055611 0
0.462234 -0.097266 0
0.653789 1.10324 0
-0.224573 1.18013 0
0.882838 0.630691 0
0.8327 0.130306 2
0.199659 0.089023 0
-0.186077 0.659027 0
0.543623 -0.16117 0
0.330711 0.578054 0
-0.043359 0.279577 0
0.796687 0.95362 0
-0.226959 0.361771 0
0.947701 1.02188 0
0.096901 0.908194 0
0.008335 0.848561 0
-0.128132 0.169335 0
0.154352 0.419932 0
0.861353 0.998537 0
0.287294 0.915993 0
0.313464 0.363707 0
0.90947 -0.11353 0
-0.146547 0.420117 0
1.01465 -0.079952 0
0.113619 1.21763 0
0.853959 0.77384 0
-0.090499 -0.047823 0
0.682541 0.580406 0
0.986144 0.248641 0
0.506501 1.22556 0
0.87359 0.856867 0
1.0289 0.778934 0
0.090699 0.05848 0
0.166738 1.22377 0
-0.25459 1.14154 0
1.04287 -0.021524 0
-0.216458 0.884234 0
0.763784 1.21584 0
0.431025 0.302903 0
0.407534 0.336541 0
0.674356 1.10555 0
0.111888 0.89551 0
0.904561 -0.022809 0
0.101602 0.366632 0
0.754165 0.646365 1
0.951529 0.126651 0
0.859906 0.167045 2
0.821826 1.21691 0
0.274755 0.924584 0
1.09475 0.045377 0
0.977417 0.000712 0
1.02888 0.757382 0
-0.233785 1.20919 0
-0.131916 1.09059 0
-0.239919 0.407094 0
0.764259 0.138018 2
0.370248 0.350528 0
1.12521 0.050271 0
0.013164 0.299841 0
0.062783 0.366737 0
0.663461 -0.127179 0
1.05061 0.372009 0
0.813244 0.106887 2
0.685131 0.937075 0
0.30096 0.030477 0
0.477951 1.0605 0
0.705773 0.566954 0
0.740192 0.51904 0
-0.117062 0.323809 0
0.130764 0.036153 0
0.715493 0.929161 0
-0.10028 0.462733 0
-0.058206 1.21147 0
0.486756 0.878227 0
0.343197 0.781994 0
1.13842 0.8687 0
0.606321 0.370565 3
0.642914 0.434254 3
0.625858 0.381981 3
0.688192 0.446651 3
0.64815 0.448855 3
0.667013 0.367963 3
0.682846 0.448775 3
0.627662 0.406493 3
0.66625 0.410996 3
0.661477 0.405401 3
0.62383 0.408844 3
0.665277 0.443163 3
0.684781 0.372843 3
0.616189 0.431262 3
0.689785 0.417176 3
0.658071 0.425967 3
0.694946 0.37549 3
0.615939 0.418237 3
0.643017 0.365722 3
0.688997 0.366594 3
0.683868 0.37348 3
0.6729 0.404745 3
0.670333 0.405047 3
0.687042 0.446188 3
0.656257 0.372305 3
0.655299 0.444398 3
0.661488 0.453764 3
0.670105 0.421702 3
0.664233 0.383312 3
0.697638 0.393319 3
0.655871 0.393178 3
0.650697 0.375456 3
0.668829 0.367665 3
0.673944 0.389589 3
0.660749 0.450352 3
0.612729 0.433437 3
0.621412 0.440795 3
0.649842 0.45683 3
0.643514 0.365723 3
0.679486 0.402914 3
0.634798 0.437884 3
0.626054 0.445329 3
0.612341 0.433218 3
0.64809 0.429525 3
0.690604 0.387014 3
0.647128 0.409577 3
0.684257 0.430292 3
0.658487 0.45058 3
0.687162 0.392682 3
0.699157 0.378306 3
0.662903 0.37333 3
0.614744 0.399912 3
0.672615 0.449744 3
0.647565 0.411473 3
0.652152 0.388077 3
0.674929 0.457174 3
0.68035 0.453295 3
0.678968 0.363246 3
0.639678 0.411812 3
0.684953 0.415721 3
0.688266 0.436982 3
0.622844 0.388335 3
0.647188 0.373302 3
0.659335 0.430876 3
0.643022 0.36551 3
0.657141 0.441387 3
0.658127 0.452913 3
0.649138 0.401583 3
0.664658 0.376974 3
0.680062 0.386042 3
0.604435 0.444065 3
0.645433 0.423217 3
0.635823 0.396172 3
0.650739 0.40685 3
0.670905 0.377406 3
0.636081 0.375883 3
0.687964 0.414429 3
0.640725 0.442066 3
0.651776 0.414863 3
0.679167 0.446266 3
0.620624 0.398635 3
0.618899 0.431747 3
0.627141 0.44261 3
0.656995 0.456023 3
0.650568 0.398898 3
0.610115 0.410831 3
0.658075 0.402628 3
0.697641 0.395457 3
0.648271 0.435233 3
0.672256 0.432718 3
0.697069 0.369533 3
0.611406 0.436665 3
0.632009 0.440189 3
0.65118 0.44064 3
0.661283 0.430414 3
0.610456 0.416969 3
0.678703 0.383716 3
0.608179 0.41438 3
0.691804 0.454359 3
0.637996 0.447932 3
0.607022 0.372386 3
0.696147 0.402504 3
0.628991 0.441162 3
0.642669 0.431205 3
0.68295 0.365801 3
0.676023 0.386334 3
0.644872 0.448465 3
0.695518 0.376728 3
0.638844 0.405531 3
0.677597 0.438153 3
0.664831 0.367197 3
0.666843 0.414274 3
0.692523 0.392486 3
0.604349 0.446473 3
0.655763 0.431811 3
0.674216 0.405543 3
0.211068 0.729837 4
0.158292 0.733648 4
0.181326 0.748628 4
0.203607 0.709854 4
0.215415 0.764818 4
0.177736 0.743355 4
0.18327 0.705919 4
0.189012 0.745071 4
0.216568 0.776651 4
0.175001 0.731978 4
0.211604 0.747619 4
0.169939 0.751449 4
0.173957 0.775469 4
0.161699 0.752329 4
0.184941 0.706274 4
0.226845 0.722513 4
0.192858 0.772784 4
0.176455 0.769765 4
0.185423 0.705312 4
0.223162 0.708532 4
0.227885 0.718584 4
0.165634 0.772068 4
0.233288 0.7804 4
0.207646 0.749849 4
0.190802 0.710772 4
0.224112 0.76396 4
0.162778 0.728017 4
0.159465 0.751699 4
0.18182 0.739878 4
0.16012 0.740297 4
0.211621 0.758644 4
0.17882 0.732299 4
0.168156 0.7388 4
0.227994 0.742909 4
0.219138 0.711036 4
0.180504 0.713096 4
0.172674 0.76554 4
0.157311 0.76169 4
0.227391 0.768348 4
0.22636 0.720377 4
0.188854 0.731376 4
0.204482 0.729 4
0.166925 0.74295 4
0.198886 0.777838 4
0.223568 0.738993 4
0.18825 0.762125 4
0.197973 0.708086 4
0.215876 0.765883 4
0.159032 0.76452 4
0.164266 0.719744 4
0.158567 0.753103 4
0.216802 0.71224 4
0.225405 0.737538 4
0.183085 0.778176 4
0.162743 0.750623 4
0.180601 0.742755 4
0.227514 0.704549 4
0.225896 0.780083 4
0.186812 0.761081 4
0.211604 0.770277 4
0.188961 0.753536 4
0.220664 0.709713 4
0.211976 0.753186 4
0.182919 0.73725 4
0.198968 0.750698 4
0.219323 0.727952 4
0.19004 0.760392 4
0.231679 0.716098 4
0.172382 0.753552 4
0.197184 0.733773 4
0.184645 0.76145 4
0.223303 0.725653 4
0.164804 0.756832 4
0.159459 0.706166 4
0.196015 0.765491 4
0.180278 0.770209 4
0.201345 0.736162 4
0.22333 0.767676 4
0.213068 0.777858 4
0.175201 0.74511 4
0.225656 0.757608 4
0.179329 0.733034 4
0.174837 0.738115 4
0.223661 0.724107 4
0.177573 0.754327 4
0.232892 0.739645 4
0.182028 0.755641 4
0.202336 0.780401 4
0.160058 0.739095 4
0.208775 0.705232 4
0.184167 0.715327 4
0.194408 0.71766 4
0.171007 0.728105 4
0.164336 0.750359 4
0.171243 0.714252 4
0.217496 0.753874 4
0.200789 0.757406 4
0.194219 0.781032 4
0.226001 0.767846 4
0.22837 0.762081 4
0.157782 0.7324 4
0.232493 0.735608 4
0.226383 0.757311 4
0.224617 0.758638 4
0.198948 0.7643 4
0.18461 0.711634 4
0.162182 0.729792 4
0.20782 0.751329 4
0.178898 0.721023 4
0.164743 0.738184 4
0.215209 0.735113 4
0.620617 0.762283 1
0.709726 0.836932 1
0.647267 0.819545 1
0.669945 0.794798 1
0.644583 0.82605 1
0.685516 0.829668 1
0.673287 0.829236 1
0.656031 0.759446 1
0.666314 0.837712 1
0.674475 0.777434 1
0.641347 0.806321 1
0.710902 0.835123 1
0.648003 0.828736 1
0.641168 0.796326 1
0.686044 0.832225 1
0.671022 0.824663 1
0.636161 0.80477 1
0.653991 0.767528 1
0.646955 0.765617 1
0.654523 0.776487 1
0.669268 0.748514 1
0.664438 0.799717 1
0.698429 0.823925 1
0.685851 0.743772 1
0.639056 0.74757 1
0.683672 0.837175 1
0.667516 0.755197 1
0.680004 0.835227 1
0.645749 0.794215 1
0.706659 0.777515 1
0.658586 0.784239 1
0.620649 0.781398 1
0.695574 0.752827 1
0.66865 0.82635 1
0.647886 0.822325 1
0.694459 0.766536 1
0.703283 0.792001 1
0.689289 0.763838 1
0.672689 0.768962 1
0.671994 0.83635 1
0.642418 0.831799 1
0.664238 0.821442 1
0.645025 0.786323 1
0.671108 0.829772 1
0.654665 0.814906 1
0.667506 0.808257 1
0.689185 0.773911 1
0.678126 0.761584 1
0.642211 0.74606 1
0.70334 0.786062 1
0.688972 0.785888 1
0.656592 0.820479 1
0.658406 0.819282 1
0.71346 0.786587 1
0.707234 0.784408 1
0.65633 0.765285 1
0.663649 0.79019 1
0.69337 0.789044 1
0.677609 0.794688 1
0.625038 0.74922 1
0.695514 0.781933 1
0.657183 0.800215 1
0.631786 0.765606 1
0.677734 0.783643 1
0.712177 0.812262 1
0.663995 0.752875 1
0.676014 0.774136 1
0.663546 0.776932 1
0.638998 0.834568 1
0.646225 0.744304 1
0.632996 0.756551 1
0.678137 0.771209 1
0.666046 0.827944 1
0.651512 0.790579 1
0.636561 0.822671 1
0.70746 0.788746 1
0.699017 0.762675 1
0.688256 0.793969 1
0.690542 0.798435 1
0.675614 0.834048 1
0.637438 0.75677 1
0.699629 0.833408 1
0.689203 0.754375 1
0.627428 0.745993 1
0.669658 0.780894 1
0.66131 0.797873 1
0.640309 0.817772 1
0.683334 0.747663 1
0.651068 0.767701 1
0.689832 0.825507 1
0.673738 0.756669 1
0.661812 0.825303 1
0.67521 0.765756 1
0.694394 0.74812 1
0.673177 0.81542 1
0.714064 0.787961 1
0.640779 0.775619 1
0.633009 0.785907 1
0.706431 0.79347 1
0.710879 0.784097 1
0.62331 0.815986 1
0.654907 0.812793 1
0.648273 0.804927 1
0.660338 0.791213 1
0.691833 0.789028 1
0.642234 0.796808 1
0.680091 0.745155 1
0.672933 0.750001 1
0.659998 0.798837 1
0.667258 0.772226 1
0.649381 0.792041 1
0.699215 0.815192 1
0.682798 0.786317 1
0.650354 0.829308 1
0.648791 0.813567 1
0.620928 0.788141 1
0.644309 0.815997 1
0.653936 0.781531 1
0.649638 0.747799 1
0.671064 0.827313 1
0.712809 0.810489 1
0.676629 0.817493 1
0.684818 0.758421 1
0.677576 0.771384 1
0.65024 0.752586 1
0.685366 0.77855 1
0.703347 0.770568 1
0.690133 0.779099 1
0.677342 0.765103 1
0.629717 0.824576 1
0.705134 0.773905 1
0.623019 0.824723 1
0.645588 0.76858 1
0.648384 0.803697 1
0.71161 0.74679 1
0.654354 0.801702 1
0.695049 0.79084 1
0.633149 0.805678 1
0.706828 0.822935 1
0.664383 0.746563 1
0.699513 0.780107 1
0.68311 0.814765 1
0.685705 0.816623 1
0.670669 0.798885 1
0.713892 0.823243 1
0.620459 0.831547 1
0.669776 0.749966 1
0.682958 0.795049 1
0.623543 0.757892 1
0.680375 0.791175 1
0.225035 0.210064 5
0.297685 0.226293 5
0.219694 0.220386 5
0.284087 0.1662 5
0.28135 0.168522 5
0.299655 0.197531 5
0.258509 0.219059 5
0.232872 0.169787 5
0.255769 0.153532 5
0.2569 0.231633 5
0.30273 0.178638 5
0.269824 0.199641 5
0.280155 0.179232 5
0.227095 0.177031 5
0.258121 0.172583 5
0.295484 0.220394 5
0.2383 0.18235 5
0.246209 0.153318 5
0.254123 0.24293 5
0.244298 0.209571 5
0.264915 0.210233 5
0.249157 0.241303 5
0.220113 0.198796 5
0.254262 0.167556 5
0.213642 0.222578 5
0.212358 0.21196 5
0.284107 0.24183 5
0.285557 0.162847 5
0.254727 0.231818 5
0.235216 0.188339 5
0.287647 0.190995 5
0.286158 0.182476 5
0.214889 0.18429 5
0.218645 0.240246 5
0.263016 0.171841 5
0.259805 0.174393 5
0.265004 0.155322 5
0.249095 0.200232 5
0.236548 0.167259 5
0.231288 0.244149 5
0.255447 0.195968 5
0.304558 0.159604 5
0.304026 0.242314 5
0.24614 0.153741 5
0.303475 0.180186 5
0.280627 0.198931 5
0.271297 0.2405 5
0.244927 0.181437 5
0.248566 0.176785 5
0.238508 0.174125 5
0.265816 0.230517 5
0.227974 0.16315 5
0.250079 0.187152 5
0.213171 0.185346 5
0.216089 0.218278 5
0.297291 0.16648 5
0.292548 0.174053 5
0.297054 0.228707 5
0.303279 0.158471 5
0.246021 0.210216 5
0.233293 0.177899 5
0.246004 0.1551 5
0.301468 0.233649 5
0.241683 0.158638 5
0.259334 0.227471 5
0.297772 0.179482 5
0.261942 0.224748 5
0.273068 0.224095 5
0.272145 0.163875 5
0.215608 0.182852 5
0.283325 0.155387 5
0.261993 0.182902 5
0.304422 0.173995 5
0.269961 0.235173 5
0.270669 0.177831 5
0.222894 0.215947 5
0.278441 0.22314 5
0.261008 0.19144 5
0.283426 0.231524 5
0.2426 0.245368 5
0.295192 0.22032 5
0.297948 0.20432 5
0.280775 0.201093 5
0.298551 0.199561 5
0.288458 0.1666 5
0.212993 0.180578 5
0.235686 0.241118 5
0.288463 0.175201 5
0.222343 0.229251 5
0.213482 0.227582 5
0.245035 0.228262 5
0.239075 0.227651 5
0.214675 0.174493 5
0.219626 0.216269 5
0.231555 0.205049 5
0.225481 0.17346 5
0.288277 0.237024 5
0.255285 0.191467 5
0.276187 0.170797 5
0.239215 0.153307 5
0.232795 0.212576 5
0.239892 0.156404 5
0.232675 0.161227 5
0.289434 0.177646 5
0.225325 0.230486 5
0.245849 0.160949 5
0.288534 0.164136 5
0.246988 0.23536 5
0.268201 0.156184 5
